Ts = 0.001;
A = [1 1; 0 1];
B = [0 1]';
C = [1 0];
D = 0;

Q = diag([1e-3 2e-3]);
R = 0.1;